769 48.57919075 21.42857115 633.455
770 48.57919075 21.44429854 802.794
1155 48.56878613 20.71631342 556.527
1157 48.56878613 20.74776134 545.165
1158 48.56878613 20.76348530 544.324
1200 48.56878613 21.42389150 584.946
1201 48.56878613 21.43961546 739.694
1202 48.56878613 21.45533941 741.710
1583 48.55838150 20.66462874 488.620
1584 48.55838150 20.68034926 510.764
1585 48.55838150 20.69606979 576.265
1586 48.55838150 20.71179031 556.395
1587 48.55838150 20.72751084 574.762
1599 48.55838150 20.91615712 243.477
1626 48.55838150 21.34061127 258.431
1627 48.55838150 21.35633180 312.209
1628 48.55838150 21.37205232 526.487
1629 48.55838150 21.38777284 520.364
1630 48.55838150 21.40349337 562.770
1631 48.55838150 21.41921389 598.280
1632 48.55838150 21.43493442 631.507
1633 48.55838150 21.45065494 598.073
1634 48.55838150 21.46637546 620.399
2013 48.54797688 20.62958403 489.706
2014 48.54797688 20.64530181 411.367
2015 48.54797688 20.66101958 418.702
2016 48.54797688 20.67673736 419.534
2017 48.54797688 20.69245514 428.028
2018 48.54797688 20.70817292 331.661
2028 48.54797688 20.86535071 244.840
2029 48.54797688 20.88106848 311.997
2030 48.54797688 20.89678626 317.044
2031 48.54797688 20.91250404 304.684
2032 48.54797688 20.92822182 273.226
2058 48.54797688 21.33688406 245.926
2059 48.54797688 21.35260184 267.916
2060 48.54797688 21.36831962 447.749
2061 48.54797688 21.38403740 539.329
2062 48.54797688 21.39975518 443.217
2063 48.54797688 21.41547296 392.222
2064 48.54797688 21.43119073 551.477
2065 48.54797688 21.44690851 490.171
2066 48.54797688 21.46262629 531.862
2440 48.53757225 20.54650988 538.264
2441 48.53757225 20.56222423 490.338
2442 48.53757225 20.57793858 538.745
2443 48.53757225 20.59365292 467.905
2444 48.53757225 20.60936727 469.432
2445 48.53757225 20.62508162 358.912
2446 48.53757225 20.64079597 392.450