48.57919075 21.42857115 0.000
48.57919075 21.44429854 0.000
48.56878613 20.71631342 0.000
48.56878613 20.74776134 0.000
48.56878613 20.76348530 0.000
48.56878613 21.42389150 0.000
48.56878613 21.43961546 0.000
48.56878613 21.45533941 0.000
48.55838150 20.66462874 0.000
48.55838150 20.68034926 0.000
48.55838150 20.69606979 0.000
48.55838150 20.71179031 0.000
48.55838150 20.72751084 0.000
48.55838150 20.91615712 0.000
48.55838150 21.34061127 0.000
48.55838150 21.35633180 0.000
48.55838150 21.37205232 0.000
48.55838150 21.38777284 0.000
48.55838150 21.40349337 0.000
48.55838150 21.41921389 0.000
48.55838150 21.43493442 0.000
48.55838150 21.45065494 0.000
48.55838150 21.46637546 0.000
48.54797688 20.62958403 0.000
48.54797688 20.64530181 0.000
48.54797688 20.66101958 0.000
48.54797688 20.67673736 0.000
48.54797688 20.69245514 0.000
48.54797688 20.70817292 0.000
48.54797688 20.86535071 0.000
48.54797688 20.88106848 0.000
48.54797688 20.89678626 0.000
48.54797688 20.91250404 0.000
48.54797688 20.92822182 0.000
48.54797688 21.33688406 0.000
48.54797688 21.35260184 0.000
48.54797688 21.36831962 0.000
48.54797688 21.38403740 0.000
48.54797688 21.39975518 0.000
48.54797688 21.41547296 0.000
48.54797688 21.43119073 0.000
48.54797688 21.44690851 0.000
48.54797688 21.46262629 0.000
48.53757225 20.54650988 0.000
48.53757225 20.56222423 0.000
48.53757225 20.57793858 0.000
48.53757225 20.59365292 0.000
48.53757225 20.60936727 0.000
48.53757225 20.62508162 0.000
48.53757225 20.64079597 0.000